average_final_score: 0.5957999999999999
average_ALC: 0.1996466559556087
