average_final_score: 0.5748999999999999
average_ALC: 0.20436375650637423
