average_final_score: 0.6154999999999999
average_ALC: 0.22287617718395838
